# dotmatrix background maps
# one tile number per cell, two hex digits each, size in the header
# a cell may say how it is drawn: 02:3 is palette 3, and h, v and f follow it
# a game switches between them with load_bkg

map 0 32x32
04 04 04 04 04 04 04 04 04 04 04 04 04 04 04 04 04 04 04 04 04 04 04 04 04 04 04 04 04 04 04 04
04 01 01 01 01 01 02 01 03 01 01 01 01 01 01 01 01 01 01 01 01 01 01 01 01 01 01 01 01 01 01 04
04 01 01 01 01 01 01 01 01 01 01 01 01 01 01 01 01 01 01 02 01 01 03 01 02 01 01 01 01 01 01 04
04 01 01 03 01 01 01 01 01 01 01 01 01 01 01 01 01 01 01 01 03 01 02 01 01 01 01 01 01 02 01 04
04 01 03 01 01 01 01 01 01 03 01 01 01 01 01 01 01 01 01 01 01 01 01 01 01 01 01 01 01 01 01 04
04 01 01 01 01 03 01 01 01 01 03 01 01 02 01 01 01 03 01 01 01 01 01 01 01 01 01 01 01 01 01 04
04 01 01 01 01 01 01 01 01 01 01 01 01 01 01 01 01 02 01 01 01 02 01 01 02 01 03 01 01 01 01 04
04 01 01 01 02 02 01 01 01 01 01 01 03 01 01 01 01 01 01 01 01 01 01 03 01 01 01 01 01 01 01 04
04 01 01 01 01 01 01 03 02 03 01 01 01 01 01 01 01 01 01 01 01 03 01 01 01 01 01 01 03 01 01 04
04 01 01 01 01 01 01 01 01 01 01 01 01 02 01 01 01 01 03 01 01 01 01 01 01 01 01 01 01 01 03 04
04 01 01 01 01 01 03 01 01 01 01 01 01 01 01 01 01 01 01 01 03 01 01 01 01 01 01 01 01 01 01 04
04 01 01 01 01 02 03 01 01 01 01 01 01 01 01 01 01 01 01 01 01 01 01 03 01 01 01 01 01 01 01 04
04 01 02 01 03 01 01 01 01 01 01 01 01 03 03 01 01 01 01 01 01 01 01 01 01 01 03 01 01 01 01 04
04 01 01 01 01 01 01 01 01 01 01 03 01 02 01 01 01 01 01 01 02 01 01 01 01 01 01 01 01 01 02 04
04 01 01 01 01 01 01 01 01 01 01 01 01 01 01 01 01 01 01 02 03 01 01 01 01 01 01 01 01 02 01 04
04 01 01 01 01 01 01 01 01 02 01 01 01 01 01 03 01 01 01 01 01 01 01 01 01 01 01 01 03 02 01 04
04 01 01 01 01 01 02 01 01 01 01 01 01 01 01 01 01 01 01 01 01 03 01 01 01 01 01 01 02 01 01 04
04 01 01 01 01 01 01 03 01 01 01 01 01 01 01 01 01 01 01 01 01 01 01 01 01 01 01 01 01 02 01 04
04 01 01 01 01 01 03 01 01 01 01 01 01 01 01 01 01 01 01 02 01 01 01 03 01 01 01 01 01 01 01 04
04 01 01 01 01 01 01 01 01 01 01 02 01 01 01 01 01 02 01 01 01 01 01 01 01 01 01 03 01 01 01 04
04 01 01 01 01 01 03 01 01 01 01 01 02 01 01 01 01 01 01 01 01 01 01 01 01 01 01 01 01 01 01 04
04 01 01 01 03 01 03 01 01 01 01 01 01 01 01 01 01 01 01 01 01 01 01 01 01 01 01 01 01 01 01 04
04 01 01 01 01 01 01 01 01 01 01 01 02 01 01 01 01 01 01 01 01 02 01 01 01 02 02 01 01 01 01 04
04 01 01 01 01 01 01 01 01 01 01 01 01 01 01 01 02 02 01 01 01 01 01 01 01 01 03 01 01 01 01 04
04 01 01 01 01 01 01 01 01 01 01 01 01 01 01 03 01 03 01 01 03 01 01 01 01 01 02 01 01 01 01 04
04 01 01 01 01 02 01 02 01 03 01 01 01 01 01 01 01 01 01 01 01 01 01 01 01 01 02 01 01 02 01 04
04 01 01 01 01 01 01 03 01 01 01 01 01 01 01 01 02 02 01 01 01 01 03 01 01 01 01 01 01 01 01 04
04 01 01 01 01 03 01 01 01 02 02 01 01 01 01 01 01 03 03 01 02 01 01 01 01 01 01 01 01 01 01 04
04 01 01 01 01 01 01 01 02 01 01 01 03 01 01 01 03 02 01 01 01 01 01 01 01 01 01 01 01 01 01 04
04 01 01 01 01 01 01 01 01 01 02 01 01 01 01 01 01 03 01 01 03 01 02 01 01 01 01 01 01 01 01 04
04 01 01 01 01 01 01 01 01 01 01 01 02 01 01 01 01 01 01 02 01 01 01 03 01 01 01 01 01 01 02 04
04 04 04 04 04 04 04 04 04 04 04 04 04 04 04 04 04 04 04 04 04 04 04 04 04 04 04 04 04 04 04 04
